|1335553348 1335553348 1335553348|1335553348 1335553348 1335553348|1335553348 1335553348 1335553348|
|1335553348 1335553348 1335553348|1335553348 1335553348 1335553348|1335553348 1335553348 1335553348|
|1335553348 1335553348 1335553348|1335553348 1335553348 1335553348|1335553348 1335553348 1335553348|
-------------------
|1335553348 1335553348 1335553348|1335553348 1335553348 1335553348|1335553348 1335553348 1335553348|
|1335553348 1335553348 1335553348|1335553348 1335553348 1335553348|1335553348 1335553348 1335553348|
|1335553348 1335553348 1335553348|1335553348 1335553348 1335553348|1335553348 1335553348 1335553348|
-------------------
|1335553348 1335553348 1335553348|1335553348 1335553348 1335553348|1335553348 1335553348 1335553348|
|1335553348 1335553348 1335553348|1335553348 1335553348 1335553348|1335553348 1335553348 1335553348|
|1335553348 1335553348 1335553348|1335553348 1335553348 1335553348|1335553348 1335553348 1335553348|
-
|1335553348 1335553348 1335553348|1335553348 1335553348 1335553348|1335553348 1335553348 1335553348|
|1335553348 1335553348 1335553348|1335553348 1335553348 1335553348|1335553348 1335553348 1335553348|
|1335553348 1335553348 1335553348|1335553348 1335553348 1335553348|1335553348 1335553348 1335553348|
-------------------
|1335553348 1335553348 1335553348|1335553348 1335553348 1335553348|1335553348 1335553348 1335553348|
|1335553348 1335553348 1335553348|1335553348 1335553348 1335553348|1335553348 1335553348 1335553348|
|1335553348 1335553348 1335553348|1335553348 1335553348 1335553348|1335553348 1335553348 1335553348|
-------------------
|1335553348 1335553348 1335553348|1335553348 1335553348 1335553348|1335553348 1335553348 1335553348|
|1335553348 1335553348 1335553348|1335553348 1335553348 1335553348|1335553348 1335553348 1335553348|
|1335553348 1335553348 1335553348|1335553348 1335553348 1335553348|1335553348 1335553348 1335553348|
-
|1335553348 1335553348 1335553348|1335553348 1335553348 1335553348|1335553348 1335553348 1335553348|
|1335553348 1335553348 1335553348|1335553348 1335553348 1335553348|1335553348 1335553348 1335553348|
|1335553348 1335553348 1335553348|1335553348 1335553348 1335553348|1335553348 1335553348 1335553348|
-------------------
|1335553348 1335553348 1335553348|1335553348 1335553348 1335553348|1335553348 1335553348 1335553348|
|1335553348 1335553348 1335553348|1335553348 1335553348 1335553348|1335553348 1335553348 1335553348|
|1335553348 1335553348 1335553348|1335553348 1335553348 1335553348|1335553348 1335553348 1335553348|
-------------------
|1335553348 1335553348 1335553348|1335553348 1335553348 1335553348|1335553348 1335553348 1335553348|
|1335553348 1335553348 1335553348|1335553348 1335553348 1335553348|1335553348 1335553348 1335553348|
|1335553348 1335553348 1335553348|1335553348 1335553348 1335553348|1335553348 1335553348 1335553348|
-
